   4.1712300e+05   4.5091370e+06  -1.0000000e+03  -3.4540768e-19  -2.4243403e-18  -2.6390391e-18  -3.6645969e-18  -4.3822228e-18  -3.1988313e-18   2.0000000e-02  -6.2160914e-20   0.0000000e+00
   4.1712300e+05   4.5101370e+06  -1.0000000e+03  -2.1329904e-18  -7.4283343e-18   2.7884522e-18   9.0832427e-19   4.8177367e-18  -7.6252060e-19   2.0000000e-02  -4.6643777e-18   0.0000000e+00
   4.1712300e+05   4.5111370e+06  -1.0000000e+03  -1.9301161e-18   5.9993600e-18   5.5861108e-18   1.4029743e-17   2.2618708e-17   2.4863330e-17   1.0000000e-03   8.5616871e-18   0.0000000e+00
   4.1712300e+05   4.5121370e+06  -1.0000000e+03  -6.0228105e-18  -1.1164685e-17  -8.0345337e-18  -2.4674806e-18   3.2626937e-18   5.2828146e-18   1.0000000e-03   1.2062630e-17   0.0000000e+00
   4.1712300e+05   4.5131370e+06  -1.0000000e+03  -7.4801694e-18  -1.1808014e-18   2.4949158e-18   6.5363503e-18   1.1150523e-17   1.4045768e-17   2.0000000e-02  -1.0350254e-18   0.0000000e+00
   4.1712300e+05   4.5141370e+06  -1.0000000e+03   1.2011033e-17   3.5867386e-17   2.0274329e-17   2.6658538e-17   3.1088879e-17   3.3117436e-17   2.0000000e-02  -1.6188014e-17   0.0000000e+00
   4.1712300e+05   4.5151370e+06  -1.0000000e+03   4.3075022e-18   8.0303616e-19  -2.9578567e-18  -9.1046246e-18  -1.5445582e-17  -1.6279595e-17   1.0000000e-03   2.9649555e-18   0.0000000e+00
   4.1712300e+05   4.5161370e+06  -1.0000000e+03  -1.8396503e-18   6.3934916e-18   1.2146158e-17   2.7706532e-17   3.9448172e-17   4.6116251e-17   1.0000000e-03  -9.3673561e-18   0.0000000e+00
   4.1712300e+05   4.5171370e+06  -1.0000000e+03  -7.1904014e-19  -3.4218180e-18   1.7344921e-18   5.1758122e-18   9.8565779e-18   8.6773915e-18   2.0000000e-02  -9.0719821e-18   0.0000000e+00
   4.1712300e+05   4.5181370e+06  -1.0000000e+03   1.7204874e-18   1.6973382e-18  -5.1509799e-18  -7.5507472e-18  -9.2469686e-18  -7.7373968e-18   2.0000000e-02  -2.1281145e-17   0.0000000e+00
   4.1712300e+05   4.5191370e+06  -1.0000000e+03  -6.4077682e-18  -4.5187387e-18   5.6114969e-18   1.4200771e-17   2.3453098e-17   2.3909522e-17   1.0000000e-03   1.1635408e-17   0.0000000e+00
   4.1712300e+05   4.5201370e+06  -1.0000000e+03   2.7944148e-18   4.9217429e-18   2.0770643e-19  -7.9777461e-19  -3.6817735e-18  -3.8157968e-18   1.0000000e-03  -8.6997447e-18   0.0000000e+00
   4.1712300e+05   4.5211370e+06  -1.0000000e+03   3.8891284e-18   1.0981479e-17   5.8345539e-18   5.3944816e-18   5.2744826e-18   9.0558958e-18   2.0000000e-02   2.6764381e-18   0.0000000e+00
   4.1712300e+05   4.5221370e+06  -1.0000000e+03   7.5722976e-19  -2.9488132e-19   3.9033412e-18   5.8051854e-18   7.4109156e-18   4.9086257e-18   2.0000000e-02  -4.0694479e-18   0.0000000e+00
   4.1712300e+05   4.5231370e+06  -1.0000000e+03   1.7115994e-18  -3.3947008e-19  -3.4460445e-18  -2.0563959e-18   1.3073038e-18   4.8805563e-18   1.0000000e-03  -1.9993663e-17   0.0000000e+00
   4.1712300e+05   4.5241370e+06  -1.0000000e+03   5.2569555e-19   1.6186426e-18   1.1389566e-18   2.5364947e-18   2.7630778e-18   2.0376135e-18   1.0000000e-03   4.8862398e-19   0.0000000e+00
   4.1712300e+05   4.5251370e+06  -1.0000000e+03   4.0366506e-19  -5.5061242e-18  -4.2672144e-18  -8.5404392e-18  -1.1899565e-17  -8.1884777e-18   2.0000000e-02  -3.1940113e-17   0.0000000e+00
   4.1712300e+05   4.5261370e+06  -1.0000000e+03  -1.2111596e-18  -2.4391117e-18  -2.2416443e-18  -2.4874703e-18  -4.3399194e-18  -4.9876978e-18   2.0000000e-02   3.8749558e-18   0.0000000e+00
   4.1812300e+05   4.5091370e+06  -1.0000000e+03   1.0425362e-18  -2.5087018e-19  -1.1402290e-18  -2.5516949e-18  -3.8068724e-18  -3.2164339e-18   2.0000000e-02  -1.5855794e-18   0.0000000e+00
   4.1812300e+05   4.5101370e+06  -1.0000000e+03   4.8988054e-19   2.6906582e-18   4.2072041e-18   4.2587576e-18   3.4353011e-18   1.4640277e-18   2.0000000e-02   5.8390326e-18   0.0000000e+00
   4.1812300e+05   4.5111370e+06  -1.0000000e+03  -5.5911933e-19  -2.8518764e-18  -2.1199919e-18  -2.1723939e-18  -2.7110547e-18  -3.8895390e-18   1.0000000e-03  -6.0055556e-18   0.0000000e+00
   4.1812300e+05   4.5121370e+06  -1.0000000e+03   9.0058567e-19  -4.0081912e-19  -6.4721233e-19  -1.1438875e-18  -7.3084701e-19  -2.8205240e-20   1.0000000e-03  -1.6556158e-18   0.0000000e+00
   4.1812300e+05   4.5131370e+06  -1.0000000e+03  -1.1504246e-18  -1.9615784e-18   2.1611914e-18   4.6846899e-18   4.2612198e-18   2.3794378e-18   2.0000000e-02  -1.1858784e-17   0.0000000e+00
   4.1812300e+05   4.5141370e+06  -1.0000000e+03  -3.4381261e-19  -1.2512034e-18  -1.2726089e-18   3.0257657e-19   1.1967242e-18   6.4238493e-19   2.0000000e-02  -1.0086860e-17   0.0000000e+00
   4.1812300e+05   4.5151370e+06  -1.0000000e+03  -1.3421929e-07  -2.2256525e-08   2.5772971e-07   3.1469588e-07   3.3321686e-07   1.8247915e-07   1.0000000e-03   1.3641288e-06   0.0000000e+00
   4.1812300e+05   4.5161370e+06  -1.0000000e+03   1.2250055e-18   1.2455383e-20  -3.7623628e-18  -5.1819668e-18  -4.0866421e-18  -2.0249521e-18   1.0000000e-03  -1.6761747e-18   0.0000000e+00
   4.1812300e+05   4.5171370e+06  -1.0000000e+03   5.0502961e-07   5.6318807e-07   3.9834970e-07   2.5870631e-07   1.6692093e-07   1.1198523e-07   2.0000000e-02   2.1831617e-06   0.0000000e+00
   4.1812300e+05   4.5181370e+06  -1.0000000e+03   1.4767761e-06   1.6468394e-06   1.1648294e-06   7.5649287e-07   4.8809978e-07   3.2746023e-07   2.0000000e-02   6.3838654e-06   0.0000000e+00
   4.1812300e+05   4.5191370e+06  -1.0000000e+03   1.2633840e-06   1.4088734e-06   9.9651313e-07   6.4718071e-07   4.1757005e-07   2.8014269e-07   1.0000000e-03   5.4614057e-06   0.0000000e+00
   4.1812300e+05   4.5201370e+06  -1.0000000e+03  -8.8840163e-19  -3.2852600e-18  -1.5136984e-18  -2.4543243e-18  -5.2917783e-18  -5.1256248e-18   1.0000000e-03  -2.8095689e-18   0.0000000e+00
   4.1812300e+05   4.5211370e+06  -1.0000000e+03  -1.7851680e-19  -2.9326819e-18  -1.5010135e-18  -2.0925130e-18  -2.7897690e-18  -1.5529848e-18   2.0000000e-02  -1.4064362e-18   0.0000000e+00
   4.1812300e+05   4.5221370e+06  -1.0000000e+03  -1.8507464e-08   3.7418761e-07   4.7785085e-07   6.9850323e-07   1.0342538e-06   1.0209246e-06   2.0000000e-02   1.4636325e-06   0.0000000e+00
   4.1812300e+05   4.5231370e+06  -1.0000000e+03   9.6492785e-08   1.6696699e-06   1.6858029e-06   2.0726511e-06   2.7918951e-06   2.5654335e-06   1.0000000e-03   7.2169778e-06   0.0000000e+00
   4.1812300e+05   4.5241370e+06  -1.0000000e+03  -1.1925935e-07   3.6075263e-06   3.6225155e-06   4.4767183e-06   5.9131073e-06   5.3530516e-06   1.0000000e-03   1.6214900e-05   0.0000000e+00
   4.1812300e+05   4.5251370e+06  -1.0000000e+03  -6.5545770e-07   2.8880215e-06   3.1330122e-06   3.7183581e-06   4.8231004e-06   4.2080637e-06   2.0000000e-02   1.9545485e-05   0.0000000e+00
   4.1812300e+05   4.5261370e+06  -1.0000000e+03  -7.2130411e-08   2.4950588e-06   2.5265855e-06   3.1431819e-06   4.1782008e-06   3.8023205e-06   2.0000000e-02   1.1148948e-05   0.0000000e+00
   4.1912300e+05   4.5091370e+06  -1.0000000e+03  -8.7402134e-19  -6.6904316e-19   1.8644002e-18   2.9565641e-18   2.1927680e-18   5.9517647e-19   1.0000000e-03   6.2587080e-18   0.0000000e+00
   4.1912300e+05   4.5101370e+06  -1.0000000e+03   5.3046364e-19   1.3941543e-19   4.8783301e-19  -2.9325499e-19  -9.3252222e-19  -7.4803399e-19   1.0000000e-03  -2.5316599e-18   0.0000000e+00
   4.1912300e+05   4.5111370e+06  -1.0000000e+03  -9.3635390e-19  -1.8178446e-18  -4.9656135e-18  -4.7881253e-18  -2.0861009e-18   1.6330304e-18   2.0000000e-02   1.0431040e-19   0.0000000e+00
   4.1912300e+05   4.5121370e+06  -1.0000000e+03  -1.8779608e-07  -3.1140742e-08   3.6060861e-07   4.4031417e-07   4.6622824e-07   2.5532000e-07   2.0000000e-02   1.9086531e-06   0.0000000e+00
   4.1912300e+05   4.5131370e+06  -1.0000000e+03  -1.6584495e-06  -8.9840273e-07   1.4706354e-06   2.2780960e-06   2.0026336e-06   1.0217862e-06   1.0000000e-03   1.0883954e-05   0.0000000e+00
   4.1912300e+05   4.5141370e+06  -1.0000000e+03  -3.6625910e-06  -1.7971394e-06   3.2334725e-06   4.4536639e-06   3.7163006e-06   1.5616462e-06   1.0000000e-03   2.3142648e-05   0.0000000e+00
   4.1912300e+05   4.5151370e+06  -1.0000000e+03  -4.4264994e-06  -2.2309976e-06   3.7306077e-06   4.9388331e-06   3.9212086e-06   1.3915602e-06   2.0000000e-02   2.7786799e-05   0.0000000e+00
   4.1912300e+05   4.5161370e+06  -1.0000000e+03  -1.8118039e-06  -3.5601680e-07   3.2954758e-06   4.2531741e-06   3.6651538e-06   2.0257521e-06   2.0000000e-02   2.2685796e-05   0.0000000e+00
   4.1912300e+05   4.5171370e+06  -1.0000000e+03   8.8178436e-06   1.0696540e-05   9.1020051e-06   6.9776567e-06   4.9250197e-06   3.1687904e-06   1.0000000e-03   5.3139846e-05   0.0000000e+00
   4.1912300e+05   4.5181370e+06  -1.0000000e+03   2.9558780e-05   3.3434696e-05   2.4286432e-05   1.6249109e-05   1.0816449e-05   7.4077441e-06   1.0000000e-03   1.3457441e-04   0.0000000e+00
   4.1912300e+05   4.5191370e+06  -1.0000000e+03   2.5290137e-05   2.8593713e-05   2.0669944e-05   1.3842241e-05   9.2622697e-06   6.4384986e-06   2.0000000e-02   1.1484548e-04   0.0000000e+00
   4.1912300e+05   4.5201370e+06  -1.0000000e+03   6.5111031e-06   7.5270924e-06   5.4785277e-06   3.9571867e-06   3.4042764e-06   2.8130534e-06   2.0000000e-02   3.2112563e-05   0.0000000e+00
   4.1912300e+05   4.5211370e+06  -1.0000000e+03   8.0031702e-07   1.4970572e-06   1.1531804e-06   1.3949429e-06   2.3672233e-06   2.5936804e-06   1.0000000e-03   7.6215817e-06   0.0000000e+00
   4.1912300e+05   4.5221370e+06  -1.0000000e+03  -4.7381710e-07   3.0117800e-06   3.0625111e-06   3.6657391e-06   5.1982940e-06   4.8378239e-06   1.0000000e-03   2.2512621e-05   0.0000000e+00
   4.1912300e+05   4.5231370e+06  -1.0000000e+03  -3.4740056e-06   7.4516815e-06   8.4774929e-06   9.4687703e-06   1.1867923e-05   9.7117023e-06   2.0000000e-02   7.1053824e-05   0.0000000e+00
   4.1912300e+05   4.5241370e+06  -1.0000000e+03  -8.8423774e-06   1.1066020e-05   1.3355780e-05   1.3476475e-05   1.5288494e-05   1.0694944e-05   2.0000000e-02   1.4372656e-04   0.0000000e+00
   4.1912300e+05   4.5251370e+06  -1.0000000e+03  -1.0126788e-05   1.1587724e-05   1.4200981e-05   1.4071504e-05   1.5690322e-05   1.0585904e-05   1.0000000e-03   1.5992023e-04   0.0000000e+00
   4.1912300e+05   4.5261370e+06  -1.0000000e+03  -5.2685647e-06   8.9610454e-06   1.0359957e-05   1.1032135e-05   1.3132509e-05   1.0060297e-05   1.0000000e-03   9.5848630e-05   0.0000000e+00
   4.2012300e+05   4.5091370e+06  -1.0000000e+03   9.5553579e-19   3.2684941e-18   4.7043045e-18   4.2760880e-18   2.4361347e-18   6.2237228e-19   1.0000000e-03   3.2443176e-19   0.0000000e+00
   4.2012300e+05   4.5101370e+06  -1.0000000e+03   1.1219440e-18   2.5359399e-18   2.2006618e-18   2.0491200e-18   2.3302665e-18   1.4743868e-18   1.0000000e-03  -8.7796849e-19   0.0000000e+00
   4.2012300e+05   4.5111370e+06  -1.0000000e+03  -2.3082689e-07  -3.8276201e-08   4.4323695e-07   5.4120590e-07   5.7305782e-07   3.1382296e-07   2.0000000e-02   2.3459938e-06   0.0000000e+00
   4.2012300e+05   4.5121370e+06  -1.0000000e+03  -4.0335064e-06  -1.9805953e-06   3.5487149e-06   4.8779606e-06   4.0554788e-06   1.6882875e-06   2.0000000e-02   2.5421412e-05   0.0000000e+00
   4.2012300e+05   4.5131370e+06  -1.0000000e+03  -1.3275610e-05  -4.4356478e-06   1.1885284e-05   1.2412206e-05   7.1141989e-06  -1.3466862e-06   1.0000000e-03   9.0340971e-05   0.0000000e+00
   4.2012300e+05   4.5141370e+06  -1.0000000e+03  -2.6330564e-05  -7.5241939e-06   2.3715922e-05   2.2243287e-05   1.0424274e-05  -6.7470540e-06   1.0000000e-03   1.8074975e-04   0.0000000e+00
   4.2012300e+05   4.5151370e+06  -1.0000000e+03  -3.1682221e-05  -8.7871592e-06   2.8171345e-05   2.5746745e-05   1.1155016e-05  -9.2660910e-06   2.0000000e-02   2.1660130e-04   0.0000000e+00
   4.2012300e+05   4.5161370e+06  -1.0000000e+03  -1.6986677e-05  -2.9209607e-07   2.4879260e-05   2.2800713e-05   1.1831326e-05  -3.0010553e-06   2.0000000e-02   1.8156485e-04   0.0000000e+00
   4.2012300e+05   4.5171370e+06  -1.0000000e+03   5.0150213e-05   6.6004981e-05   5.9746657e-05   4.5252662e-05   3.0874842e-05   1.8381597e-05   1.0000000e-03   3.5069675e-04   0.0000000e+00
   4.2012300e+05   4.5181370e+06  -1.0000000e+03   1.7530998e-04   2.0116355e-04   1.4794551e-04   1.0116261e-04   6.8776058e-05   4.8827778e-05   1.0000000e-03   8.3301742e-04   0.0000000e+00
   4.2012300e+05   4.5191370e+06  -1.0000000e+03   1.5239583e-04   1.7523644e-04   1.2708242e-04   8.6680573e-05   6.0430974e-05   4.4112921e-05   2.0000000e-02   7.1751424e-04   0.0000000e+00
   4.2012300e+05   4.5201370e+06  -1.0000000e+03   4.1349234e-05   4.8199920e-05   3.4788340e-05   2.5059367e-05   2.1469638e-05   2.1011579e-05   2.0000000e-02   2.4362469e-04   0.0000000e+00
   4.2012300e+05   4.5211370e+06  -1.0000000e+03   1.2504264e-05   1.6265777e-05   8.4708179e-06   6.9794682e-06   1.1740808e-05   1.9395986e-05   1.0000000e-03   1.3630707e-04   0.0000000e+00
   4.2012300e+05   4.5221370e+06  -1.0000000e+03   1.4989101e-06   1.3438915e-05   1.0394875e-05   9.8720185e-06   1.4799417e-05   1.7374466e-05   1.0000000e-03   1.6811435e-04   0.0000000e+00
   4.2012300e+05   4.5231370e+06  -1.0000000e+03  -2.4271140e-05   1.3970661e-05   1.9766710e-05   1.6431684e-05   1.6612841e-05   7.5446385e-06   2.0000000e-02   3.4765746e-04   0.0000000e+00
   4.2012300e+05   4.5241370e+06  -1.0000000e+03  -6.1879418e-05   3.6664394e-06   2.0544067e-05   5.5148291e-06  -9.2805185e-06  -3.0213597e-05   2.0000000e-02   6.9042604e-04   0.0000000e+00
   4.2012300e+05   4.5251370e+06  -1.0000000e+03  -7.0888523e-05  -8.1903971e-07   1.8484410e-05  -5.2467619e-07  -2.0525446e-05  -4.3922535e-05   1.0000000e-03   7.6641577e-04   0.0000000e+00
   4.2012300e+05   4.5261370e+06  -1.0000000e+03  -3.6839838e-05   1.1347051e-05   2.0985656e-05   1.3331062e-05   6.9256724e-06  -7.0619577e-06   1.0000000e-03   4.4914234e-04   0.0000000e+00
   4.2112300e+05   4.5091370e+06  -1.0000000e+03  -1.1247362e-18  -2.7887486e-18  -6.6359467e-18  -8.0183908e-18  -7.6753553e-18  -4.8802122e-18   2.0000000e-02   2.2788671e-20   0.0000000e+00
   4.2112300e+05   4.5101370e+06  -1.0000000e+03  -1.3119990e-07  -2.1755843e-08   2.5193184e-07   3.0761650e-07   3.2572084e-07   1.7837411e-07   2.0000000e-02   1.3334415e-06   0.0000000e+00
   4.2112300e+05   4.5111370e+06  -1.0000000e+03  -3.0624809e-06  -1.5616916e-06   2.6315529e-06   3.7349227e-06   3.1659859e-06   1.4729989e-06   1.0000000e-03   1.9717944e-05   0.0000000e+00
   4.2112300e+05   4.5121370e+06  -1.0000000e+03  -1.7316952e-05  -5.5053555e-06   1.5470790e-05   1.5517822e-05   8.1717457e-06  -2.9645782e-06   1.0000000e-03   1.1856580e-04   0.0000000e+00
   4.2112300e+05   4.5131370e+06  -1.0000000e+03  -5.8562299e-05  -1.2857945e-05   5.3279833e-05   4.2409037e-05   1.1871980e-05  -2.7839345e-05   2.0000000e-02   4.1045768e-04   0.0000000e+00
   4.2112300e+05   4.5141370e+06  -1.0000000e+03  -1.1963772e-04  -1.4955613e-05   1.1416723e-04   7.6454497e-05   6.0709222e-06  -7.8957181e-05   2.0000000e-02   8.6837991e-04   0.0000000e+00
   4.2112300e+05   4.5151370e+06  -1.0000000e+03  -1.4349502e-04  -1.2360285e-05   1.4102099e-04   9.1537341e-05   4.6573235e-06  -9.8668448e-05   1.0000000e-03   1.0606628e-03   0.0000000e+00
   4.2112300e+05   4.5161370e+06  -1.0000000e+03  -9.3329570e-05  -6.3433792e-07   1.0786799e-04   8.1990089e-05   2.5025713e-05  -4.4049062e-05   1.0000000e-03   8.0965278e-04   0.0000000e+00
   4.2112300e+05   4.5171370e+06  -1.0000000e+03   5.6549761e-05   1.2233411e-04   1.3606892e-04   1.0515679e-04   6.4890749e-05   3.1721840e-05   2.0000000e-02   9.1645248e-04   0.0000000e+00
   4.2112300e+05   4.5181370e+06  -1.0000000e+03   3.0147551e-04   3.9248846e-04   2.7448512e-04   1.7292520e-04   9.4138355e-05   6.3273260e-05   2.0000000e-02   1.7815413e-03   0.0000000e+00
   4.2112300e+05   4.5191370e+06  -1.0000000e+03   2.7361125e-04   3.4244066e-04   2.2929725e-04   1.3988924e-04   7.0269048e-05   5.5573929e-05   1.0000000e-03   1.6744305e-03   0.0000000e+00
   4.2112300e+05   4.5201370e+06  -1.0000000e+03   1.3420335e-04   1.2695542e-04   6.4790849e-05   2.5549405e-05   1.2359406e-05   6.6060253e-05   1.0000000e-03   1.2036417e-03   0.0000000e+00
   4.2112300e+05   4.5211370e+06  -1.0000000e+03   2.1310266e-04   1.6459619e-04   3.3692216e-05  -2.2072953e-05  -3.8609608e-06   1.2580685e-04   2.0000000e-02   1.5133756e-03   0.0000000e+00
   4.2112300e+05   4.5221370e+06  -1.0000000e+03   1.0743524e-04   9.5693446e-05   2.0163691e-05  -2.1384490e-05  -1.2745915e-05   6.7726905e-05   2.0000000e-02   1.2584285e-03   0.0000000e+00
   4.2112300e+05   4.5231370e+06  -1.0000000e+03  -5.9371200e-05   2.4648431e-05   3.6228321e-05   1.3715309e-05   7.8425028e-07  -1.0949999e-05   1.0000000e-03   1.1408649e-03   0.0000000e+00
   4.2112300e+05   4.5241370e+06  -1.0000000e+03  -1.9684558e-04  -7.1602441e-05  -1.1375841e-05  -7.3213469e-05  -1.4664566e-04  -2.0046159e-04   1.0000000e-03   1.8442554e-03   0.0000000e+00
   4.2112300e+05   4.5251370e+06  -1.0000000e+03  -2.2578298e-04  -1.0294492e-04  -3.5723194e-05  -1.1356865e-04  -2.0800653e-04  -2.6616121e-04   2.0000000e-02   2.0139885e-03   0.0000000e+00
   4.2112300e+05   4.5261370e+06  -1.0000000e+03  -1.1719430e-04  -2.6067401e-05   6.7473963e-06  -2.9567552e-05  -7.1124085e-05  -1.0587453e-04   2.0000000e-02   1.1616015e-03   0.0000000e+00
   4.2212300e+05   4.5091370e+06  -1.0000000e+03   1.5682194e-20   1.2974158e-18   1.2467630e-18   2.8553374e-18   4.8714489e-18   4.5681112e-18   2.0000000e-02  -1.0617829e-21   0.0000000e+00
   4.2212300e+05   4.5101370e+06  -1.0000000e+03  -2.6953297e-07  -4.4694525e-08   5.1756090e-07   6.3195773e-07   6.6915071e-07   3.6644619e-07   2.0000000e-02   2.7393805e-06   0.0000000e+00
   4.2212300e+05   4.5111370e+06  -1.0000000e+03  -8.3933796e-06  -3.0097159e-06   7.5548539e-06   8.3756471e-06   5.3586703e-06   7.0961630e-08   1.0000000e-03   5.6676964e-05   0.0000000e+00
   4.2212300e+05   4.5121370e+06  -1.0000000e+03  -4.5828342e-05  -1.1055320e-05   4.1521260e-05   3.4912506e-05   1.2039871e-05  -1.8636465e-05   1.0000000e-03   3.1904923e-04   0.0000000e+00
   4.2212300e+05   4.5131370e+06  -1.0000000e+03  -1.5775535e-04  -7.6581097e-06   1.6157122e-04   1.0186252e-04   3.3261982e-06  -1.1417567e-04   2.0000000e-02   1.1900401e-03   0.0000000e+00
   4.2212300e+05   4.5141370e+06  -1.0000000e+03  -2.5683858e-04   2.0730706e-04   5.3057170e-04   3.5502232e-04   1.1782034e-04  -1.7273988e-04   2.0000000e-02   2.9882470e-03   0.0000000e+00
   4.2212300e+05   4.5151370e+06  -1.0000000e+03  -2.2708363e-04   4.6617183e-04   8.3786003e-04   6.1808757e-04   3.1286807e-04  -7.4788249e-05   1.0000000e-03   4.1244313e-03   0.0000000e+00
   4.2212300e+05   4.5161370e+06  -1.0000000e+03  -2.4969614e-04   1.2321650e-04   4.1797833e-04   3.1266420e-04   1.4086318e-04  -7.9041037e-05   1.0000000e-03   2.5687366e-03   0.0000000e+00
   4.2212300e+05   4.5171370e+06  -1.0000000e+03  -7.4893505e-05   2.0612075e-04   3.0091043e-04   2.6437542e-04   1.9212346e-04   1.0157254e-04   2.0000000e-02   2.0279168e-03   0.0000000e+00
   4.2212300e+05   4.5181370e+06  -1.0000000e+03   6.8998055e-04   1.6916935e-03   1.1039669e-03   8.7507434e-04   6.0770750e-04   1.8960715e-04   2.0000000e-02   3.7766230e-03   0.0000000e+00
   4.2212300e+05   4.5191370e+06  -1.0000000e+03   5.3700467e-04   1.2259472e-03   7.3173292e-04   5.4139864e-04   2.4989966e-04  -4.4393046e-06   1.0000000e-03   4.1090388e-03   0.0000000e+00
   4.2212300e+05   4.5201370e+06  -1.0000000e+03   8.3284566e-04   9.8321521e-04   4.9235678e-04   3.2579131e-04   1.0779750e-04   2.0281277e-04   1.0000000e-03   5.6115442e-03   0.0000000e+00
   4.2212300e+05   4.5211370e+06  -1.0000000e+03   2.6323423e-03   2.6738700e-03   1.1209900e-03   4.9163243e-04   1.6417409e-04   5.5252601e-04   2.0000000e-02   7.6449680e-03   0.0000000e+00
   4.2212300e+05   4.5221370e+06  -1.0000000e+03   1.3009329e-03   1.2508731e-03   4.6446556e-04   8.2562122e-05  -2.5511152e-05   2.9537371e-04   2.0000000e-02   5.9805246e-03   0.0000000e+00
   4.2212300e+05   4.5231370e+06  -1.0000000e+03   9.3064734e-05   3.9035571e-04   3.4559556e-04   2.8553229e-04   2.5462791e-04   2.0061934e-04   1.0000000e-03   2.9373358e-03   0.0000000e+00
   4.2212300e+05   4.5241370e+06  -1.0000000e+03  -2.4218653e-04   4.0154695e-05   1.3481754e-04   5.0477328e-05  -6.5821142e-05  -1.9857804e-04   1.0000000e-03   2.8931169e-03   0.0000000e+00
   4.2212300e+05   4.5251370e+06  -1.0000000e+03  -3.2424207e-04  -1.5460925e-04  -4.9560476e-05  -1.6160417e-04  -3.0542866e-04  -3.9544907e-04   2.0000000e-02   2.8292628e-03   0.0000000e+00
   4.2212300e+05   4.5261370e+06  -1.0000000e+03  -1.7073387e-04  -6.0734247e-05  -9.8822117e-06  -6.3824145e-05  -1.2789829e-04  -1.7422792e-04   2.0000000e-02   1.5894981e-03   0.0000000e+00
   4.2312300e+05   4.5091370e+06  -1.0000000e+03  -1.0582483e-18  -2.6534928e-19  -2.6978008e-18  -3.3280201e-18  -1.6718357e-18  -7.4309732e-19   1.0000000e-03   7.4824455e-23   0.0000000e+00
   4.2312300e+05   4.5101370e+06  -1.0000000e+03  -1.2604536e-06  -6.8213751e-07   9.8428336e-07   1.6498387e-06   1.5432169e-06   7.9967216e-07   1.0000000e-03   7.8133064e-06   0.0000000e+00
   4.2312300e+05   4.5111370e+06  -1.0000000e+03  -1.2867838e-05  -4.3225998e-06   1.1523606e-05   1.2088090e-05   6.9893874e-06  -1.2038631e-06   2.0000000e-02   8.7510198e-05   0.0000000e+00
   4.2312300e+05   4.5121370e+06  -1.0000000e+03  -7.2570597e-05  -1.4493525e-05   6.6318380e-05   5.0150855e-05   1.0909640e-05  -3.8887671e-05   2.0000000e-02   5.1168754e-04   0.0000000e+00
   4.2312300e+05   4.5131370e+06  -1.0000000e+03  -2.3436495e-04   6.0120187e-05   3.2103848e-04   1.9916631e-04   2.6898640e-05  -1.7859969e-04   1.0000000e-03   2.0862064e-03   0.0000000e+00
   4.2312300e+05   4.5141370e+06  -1.0000000e+03   1.3708797e-04   1.6667114e-03   2.0886132e-03   1.7600715e-03   1.2088456e-03   4.8056598e-04   1.0000000e-03   8.1327406e-03   0.0000000e+00
   4.2312300e+05   4.5151370e+06  -1.0000000e+03   8.9274536e-04   3.7300961e-03   4.1655604e-03   3.7728280e-03   2.8160566e-03   1.5839184e-03   2.0000000e-02   1.4892816e-02   0.0000000e+00
   4.2312300e+05   4.5161370e+06  -1.0000000e+03  -3.1945638e-05   1.1546012e-03   1.6431353e-03   1.5195555e-03   1.1941405e-03   6.5198138e-04   2.0000000e-02   6.6839411e-03   0.0000000e+00
   4.2312300e+05   4.5171370e+06  -1.0000000e+03  -2.5391805e-04   5.7212641e-04   1.1066763e-03   1.3432064e-03   1.5018619e-03   1.2787637e-03   1.0000000e-03   4.8178997e-03   0.0000000e+00
   4.2312300e+05   4.5181370e+06  -1.0000000e+03   3.0719764e-03   6.8991302e-03   5.1460578e-03   4.3906340e-03   3.2390559e-03   1.7570241e-03   1.0000000e-03   6.7235439e-03   0.0000000e+00
   4.2312300e+05   4.5191370e+06  -1.0000000e+03   1.6904419e-03   3.7941653e-03   2.7557500e-03   2.6504174e-03   2.1971749e-03   1.3488664e-03   2.0000000e-02   9.8101089e-03   0.0000000e+00
   4.2312300e+05   4.5201370e+06  -1.0000000e+03   4.1446128e-03   5.6191191e-03   3.6511582e-03   3.0709906e-03   2.6371916e-03   2.2951936e-03   2.0000000e-02   1.8105337e-02   7.0431232e-04
   4.2312300e+05   4.5211370e+06  -1.0000000e+03   9.5718021e-03   7.7442472e-03   5.3858826e-03   4.0661365e-03   3.1659465e-03   2.6058946e-03   1.0000000e-03   5.2274712e-04   1.1006615e-03
   4.2312300e+05   4.5221370e+06  -1.0000000e+03   3.8094313e-03   4.8500081e-03   2.8705007e-03   2.0359349e-03   1.4188567e-03   1.2919489e-03   1.0000000e-03   1.0626280e-02   0.0000000e+00
   4.2312300e+05   4.5231370e+06  -1.0000000e+03   1.5382442e-03   2.8159410e-03   2.4982977e-03   2.1154857e-03   1.8861412e-03   1.3815813e-03   2.0000000e-02   7.2636203e-03   0.0000000e+00
   4.2312300e+05   4.5241370e+06  -1.0000000e+03   3.8763842e-04   1.3608624e-03   1.4028625e-03   1.3137625e-03   1.2063205e-03   7.2725891e-04   2.0000000e-02   4.1196990e-03   0.0000000e+00
   4.2312300e+05   4.5251370e+06  -1.0000000e+03  -1.6569732e-04   1.4229764e-04   2.2536876e-04   1.7611611e-04   9.5076578e-05  -5.1574896e-05   1.0000000e-03   2.3555243e-03   0.0000000e+00
   4.2312300e+05   4.5261370e+06  -1.0000000e+03  -1.1347031e-04  -9.7349605e-06   2.8726635e-05   3.5608528e-06  -2.6197113e-05  -6.5406843e-05   1.0000000e-03   1.1609282e-03   0.0000000e+00
   4.2412300e+05   4.5091370e+06  -1.0000000e+03  -1.0946835e-18  -9.5311266e-19  -7.8626773e-18  -8.3932676e-18  -5.2813618e-18  -1.8179847e-18   1.0000000e-03  -6.0978073e-24   0.0000000e+00
   4.2412300e+05   4.5101370e+06  -1.0000000e+03  -1.1874181e-06  -6.4070649e-07   9.3247815e-07   1.5593275e-06   1.4598453e-06   7.5693866e-07   1.0000000e-03   7.3793290e-06   0.0000000e+00
   4.2412300e+05   4.5111370e+06  -1.0000000e+03  -1.2048456e-05  -4.0923458e-06   1.0796874e-05   1.1430225e-05   6.7275389e-06  -9.2928995e-07   2.0000000e-02   8.1832058e-05   0.0000000e+00
   4.2412300e+05   4.5121370e+06  -1.0000000e+03  -6.7581237e-05  -1.3948269e-05   6.1662738e-05   4.7446258e-05   1.1332905e-05  -3.4856424e-05   2.0000000e-02   4.7556397e-04   0.0000000e+00
   4.2412300e+05   4.5131370e+06  -1.0000000e+03  -2.2344000e-04   3.8919765e-05   2.8384718e-04   1.7425244e-04   1.5847799e-05  -1.7181061e-04   1.0000000e-03   1.9048681e-03   0.0000000e+00
   4.2412300e+05   4.5141370e+06  -1.0000000e+03  -1.9942757e-05   1.2059110e-03   1.6227867e-03   1.3242333e-03   8.5968478e-04   2.5145714e-04   1.0000000e-03   6.6978106e-03   0.0000000e+00
   4.2412300e+05   4.5151370e+06  -1.0000000e+03   4.7074585e-04   2.6566528e-03   3.1288227e-03   2.7887470e-03   2.0472004e-03   1.0732202e-03   2.0000000e-02   1.1786511e-02   0.0000000e+00
   4.2412300e+05   4.5161370e+06  -1.0000000e+03   1.3495824e-04   1.7599138e-03   2.4001177e-03   2.3504036e-03   1.8447316e-03   1.1727617e-03   2.0000000e-02   1.0786420e-02   0.0000000e+00
   4.2412300e+05   4.5171370e+06  -1.0000000e+03  -1.2819904e-04   1.4097698e-03   2.7909700e-03   3.5798592e-03   4.1437799e-03   3.7536752e-03   1.0000000e-03   1.0374492e-02   0.0000000e+00
   4.2412300e+05   4.5181370e+06  -1.0000000e+03   2.2596036e-03   5.5925642e-03   5.9837044e-03   6.3471427e-03   6.2640887e-03   5.4894231e-03   1.0000000e-03   7.7530113e-03   0.0000000e+00
   4.2412300e+05   4.5191370e+06  -1.0000000e+03  -5.7080970e-04   4.5549363e-05   1.4463672e-03   2.3028071e-03   2.5515790e-03   2.3796948e-03   2.0000000e-02   1.1505590e-02   1.2772756e-03
   4.2412300e+05   4.5201370e+06  -1.0000000e+03  -1.4111555e-04   1.6086280e-03   2.3029709e-03   2.9431881e-03   2.8969498e-03   2.2945825e-03   2.0000000e-02   1.2527100e-02   3.9181904e-02
   4.2412300e+05   4.5211370e+06  -1.0000000e+03   4.0972388e-03   4.9829313e-03   3.8547667e-03   3.1169291e-03   2.0523994e-03   1.3743528e-03   1.0000000e-03   5.2155681e-03   6.1194488e-02
   4.2412300e+05   4.5221370e+06  -1.0000000e+03   3.9886378e-03   6.0425960e-03   4.2706505e-03   3.1652293e-03   2.3285058e-03   1.1562093e-03   1.0000000e-03   1.2797686e-02   4.8748524e-03
   4.2412300e+05   4.5231370e+06  -1.0000000e+03   1.1269975e-02   1.3258516e-02   8.6580784e-03   4.7302618e-03   2.3129553e-03   5.6730564e-04   2.0000000e-02   1.8349847e-02   0.0000000e+00
   4.2412300e+05   4.5241370e+06  -1.0000000e+03   2.4067841e-03   3.8591958e-03   3.3345763e-03   2.5712510e-03   2.0353625e-03   1.3170239e-03   2.0000000e-02   6.9277992e-03   0.0000000e+00
   4.2412300e+05   4.5251370e+06  -1.0000000e+03   8.5457225e-05   5.4836733e-04   5.9229236e-04   6.0759513e-04   5.9359869e-04   3.7201193e-04   1.0000000e-03   1.6091683e-03   0.0000000e+00
   4.2412300e+05   4.5261370e+06  -1.0000000e+03  -3.4444912e-05   4.0469082e-05   5.9607820e-05   6.5974416e-05   7.2577673e-05   4.7818307e-05   1.0000000e-03   5.0216395e-04   0.0000000e+00
   4.2512300e+05   4.5091370e+06  -1.0000000e+03   4.5626658e-19   8.7623929e-19   1.5463921e-18   2.4010298e-18   3.6309550e-18   2.5904759e-18   2.0000000e-02  -6.2873283e-25   0.0000000e+00
   4.2512300e+05   4.5101370e+06  -1.0000000e+03  -2.3109408e-07  -3.8320508e-08   4.4375002e-07   5.4183238e-07   5.7372116e-07   3.1418622e-07   2.0000000e-02   2.3487094e-06   0.0000000e+00
   4.2512300e+05   4.5111370e+06  -1.0000000e+03  -6.9369379e-06  -2.8032284e-06   6.2976664e-06   7.6193410e-06   5.6219500e-06   1.4280052e-06   1.0000000e-03   4.5319296e-05   0.0000000e+00
   4.2512300e+05   4.5121370e+06  -1.0000000e+03  -3.7215792e-05  -9.6280901e-06   3.3624561e-05   2.9526790e-05   1.1660009e-05  -1.2994266e-05   1.0000000e-03   2.5766263e-04   0.0000000e+00
   4.2512300e+05   4.5131370e+06  -1.0000000e+03  -1.2937623e-04  -1.5493787e-05   1.2336162e-04   8.0634359e-05   2.9686037e-06  -8.9223376e-05   2.0000000e-02   9.4475609e-04   0.0000000e+00
   4.2512300e+05   4.5141370e+06  -1.0000000e+03  -2.4755564e-04   6.1769952e-05   3.3807538e-04   2.1362614e-04   3.2346437e-05  -1.8143284e-04   2.0000000e-02   2.2504317e-03   0.0000000e+00
   4.2512300e+05   4.5151370e+06  -1.0000000e+03  -3.1402893e-04   1.0428519e-04   4.8509014e-04   3.6297718e-04   1.5084774e-04  -1.1197962e-04   1.0000000e-03   3.3654468e-03   0.0000000e+00
   4.2512300e+05   4.5161370e+06  -1.0000000e+03  -3.2893808e-04   3.0519605e-04   9.1625223e-04   1.0220122e-03   8.3306179e-04   5.8883963e-04   1.0000000e-03   7.1999135e-03   0.0000000e+00
   4.2512300e+05   4.5171370e+06  -1.0000000e+03  -1.9593366e-04   1.5910018e-03   2.9513209e-03   3.4618272e-03   3.3153034e-03   2.7508228e-03   2.0000000e-02   1.7153101e-02   0.0000000e+00
   4.2512300e+05   4.5181370e+06  -1.0000000e+03   1.2434901e-03   3.8698071e-03   4.7608964e-03   5.0967338e-03   4.9959868e-03   4.3042925e-03   2.0000000e-02   1.4341959e-02   0.0000000e+00
   4.2512300e+05   4.5191370e+06  -1.0000000e+03  -8.6486226e-05   2.3506927e-04   1.4230945e-03   1.8206655e-03   1.8849775e-03   1.6207946e-03   1.0000000e-03   1.0371198e-02   3.6211907e-03
   4.2512300e+05   4.5201370e+06  -1.0000000e+03   5.2785177e-04   2.7142123e-03   3.7889775e-03   3.7009659e-03   3.2065691e-03   2.7670117e-03   1.0000000e-03   4.2539506e-03   1.1602310e-01
   4.2512300e+05   4.5211370e+06  -1.0000000e+03   2.6976677e-03   2.3509678e-03   2.4178172e-03   2.0822349e-03   1.8041288e-03   1.5838137e-03   2.0000000e-02   1.8046253e-02   1.7415112e-01
   4.2512300e+05   4.5221370e+06  -1.0000000e+03   4.1643217e-03   7.0784296e-03   5.2531912e-03   3.4221398e-03   1.9999519e-03   8.0666949e-04   2.0000000e-02   1.7247358e-02   1.3815851e-02
   4.2512300e+05   4.5231370e+06  -1.0000000e+03   3.2645596e-03   5.1372347e-03   4.3084576e-03   3.0159490e-03   1.9826925e-03   1.2127124e-03   1.0000000e-03   1.0965944e-02   0.0000000e+00
   4.2512300e+05   4.5241370e+06  -1.0000000e+03   1.0872158e-03   2.3168063e-03   2.2565170e-03   2.0583573e-03   1.8797092e-03   1.2649066e-03   1.0000000e-03   4.4147802e-03   0.0000000e+00
   4.2512300e+05   4.5251370e+06  -1.0000000e+03   7.2634686e-05   3.8556059e-04   4.1784595e-04   4.4666504e-04   4.4837579e-04   3.0005945e-04   2.0000000e-02   8.5926470e-04   0.0000000e+00
   4.2512300e+05   4.5261370e+06  -1.0000000e+03  -7.6124101e-06   2.7990138e-05   3.9204295e-05   5.1046149e-05   6.2836373e-05   5.0906054e-05   2.0000000e-02   1.6362128e-04   0.0000000e+00
   4.2612300e+05   4.5091370e+06  -1.0000000e+03  -8.4822405e-19   1.4996499e-19  -7.1357025e-18  -8.1425418e-18  -4.7192155e-18  -2.7095405e-19   2.0000000e-02   3.5688378e-25   0.0000000e+00
   4.2612300e+05   4.5101370e+06  -1.0000000e+03   2.3662990e-19  -1.3823459e-18  -3.1266108e-18  -2.5716931e-18  -4.7403870e-19   9.6440153e-19   2.0000000e-02  -3.6788916e-25   0.0000000e+00
   4.2612300e+05   4.5111370e+06  -1.0000000e+03  -2.1677897e-06  -1.1396511e-06   1.9136767e-06   2.8681508e-06   2.5721492e-06   1.3891905e-06   1.0000000e-03   1.3972572e-05   0.0000000e+00
   4.2612300e+05   4.5121370e+06  -1.0000000e+03  -1.2448191e-05  -4.2051998e-06   1.1151404e-05   1.1752280e-05   6.8571559e-06  -1.0611348e-06   1.0000000e-03   8.4600433e-05   0.0000000e+00
   4.2612300e+05   4.5131370e+06  -1.0000000e+03  -4.2566408e-05  -1.1333383e-05   3.7501644e-05   3.3166805e-05   1.3219190e-05  -1.4351049e-05   2.0000000e-02   2.9433755e-04   0.0000000e+00
   4.2612300e+05   4.5141370e+06  -1.0000000e+03  -9.1015939e-05  -2.2286350e-05   7.8427389e-05   6.5984969e-05   2.6057186e-05  -3.1278615e-05   2.0000000e-02   6.5946525e-04   0.0000000e+00
   4.2612300e+05   4.5151370e+06  -1.0000000e+03  -1.3984596e-04  -5.3819527e-05   1.0818316e-04   1.2906350e-04   1.0804975e-04   4.3112605e-05   1.0000000e-03   1.1687865e-03   0.0000000e+00
   4.2612300e+05   4.5161370e+06  -1.0000000e+03  -2.1917048e-04  -6.8499486e-05   2.5139623e-04   4.2535581e-04   4.9498961e-04   4.2890742e-04   1.0000000e-03   2.9026469e-03   0.0000000e+00
   4.2612300e+05   4.5171370e+06  -1.0000000e+03  -3.8907015e-04   2.7257922e-04   9.8659557e-04   1.2968620e-03   1.3469096e-03   1.1139139e-03   2.0000000e-02   8.2040198e-03   0.0000000e+00
   4.2612300e+05   4.5181370e+06  -1.0000000e+03  -2.7825674e-04   7.5320635e-04   1.6069875e-03   1.8524649e-03   1.8240321e-03   1.5237118e-03   2.0000000e-02   1.0951326e-02   0.0000000e+00
   4.2612300e+05   4.5191370e+06  -1.0000000e+03   6.4853726e-03   9.1436952e-03   2.8582336e-03  -1.9867750e-03  -5.8224099e-03  -6.3901022e-03   1.0000000e-03   3.4835044e-03   1.2008323e-03
   4.2612300e+05   4.5201370e+06  -1.0000000e+03   8.7628978e-03   6.4045746e-03   3.5498274e-03   1.6594582e-03   8.8469470e-04   4.0239588e-04   1.0000000e-03   8.7878337e-04   6.8451229e-02
   4.2612300e+05   4.5211370e+06  -1.0000000e+03   3.4189243e-03   2.9074047e-03   3.0721144e-03   3.0357598e-03   2.7234379e-03   2.2813663e-03   2.0000000e-02   2.0190159e-02   3.2946893e-02
   4.2612300e+05   4.5221370e+06  -1.0000000e+03  -5.5006862e-04  -8.8141585e-04   1.4329674e-03   2.6740789e-03   3.0872418e-03   2.7505023e-03   2.0000000e-02   1.9560754e-02   2.0058009e-03
   4.2612300e+05   4.5231370e+06  -1.0000000e+03  -3.1212821e-04   5.8237176e-04   1.2337869e-03   1.1744603e-03   6.9323028e-04   3.8863161e-04   1.0000000e-03   8.0253573e-03   0.0000000e+00
   4.2612300e+05   4.5241370e+06  -1.0000000e+03  -2.8022822e-05   4.1406572e-04   5.5506139e-04   5.8772972e-04   5.1354676e-04   3.0159810e-04   1.0000000e-03   2.1180761e-03   0.0000000e+00
   4.2612300e+05   4.5251370e+06  -1.0000000e+03  -9.5333227e-06   9.1752143e-05   1.1893829e-04   1.3420342e-04   1.2930361e-04   8.8888111e-05   2.0000000e-02   4.0841555e-04   0.0000000e+00
   4.2612300e+05   4.5261370e+06  -1.0000000e+03  -3.4752992e-06   7.7432338e-06   1.2942459e-05   1.8514955e-05   2.3612016e-05   1.9988680e-05   2.0000000e-02   5.4209496e-05   0.0000000e+00
   4.2712300e+05   4.5091370e+06  -1.0000000e+03   3.2681514e-19   1.2375181e-18   4.5649059e-18   5.6803762e-18   3.8833004e-18   5.9729866e-19   1.0000000e-03   4.3445219e-26   0.0000000e+00
   4.2712300e+05   4.5101370e+06  -1.0000000e+03   5.7332325e-19  -8.8283594e-19   2.1735202e-18   4.0765631e-18   5.5982601e-18   5.7654850e-18   1.0000000e-03  -4.5659996e-26   0.0000000e+00
   4.2712300e+05   4.5111370e+06  -1.0000000e+03  -1.6120032e-07  -2.6730577e-08   3.0953907e-07   3.7795669e-07   4.0020080e-07   2.1916148e-07   2.0000000e-02   1.6383488e-06   0.0000000e+00
   4.2712300e+05   4.5121370e+06  -1.0000000e+03  -2.3758361e-06  -1.2529504e-06   2.0874931e-06   3.1309010e-06   2.8033345e-06   1.5144430e-06   2.0000000e-02   1.5273554e-05   0.0000000e+00
   4.2712300e+05   4.5131370e+06  -1.0000000e+03  -9.3274929e-06  -2.9942041e-06   8.9002754e-06   1.1865533e-05   1.1306072e-05   6.0130329e-06   1.0000000e-03   6.5619054e-05   0.0000000e+00
   4.2712300e+05   4.5141370e+06  -1.0000000e+03  -2.3143835e-05  -4.8570993e-06   2.5610478e-05   4.1487088e-05   5.3980761e-05   4.3139695e-05   1.0000000e-03   1.8805884e-04   0.0000000e+00
   4.2712300e+05   4.5151370e+06  -1.0000000e+03  -5.0543898e-05   2.3992025e-05   9.7565477e-05   1.6605919e-04   2.3493363e-04   2.1466034e-04   2.0000000e-02   6.1023706e-04   0.0000000e+00
   4.2712300e+05   4.5161370e+06  -1.0000000e+03   1.4726147e-05   5.1343828e-04   6.2911859e-04   7.9063930e-04   9.0243583e-04   7.4232322e-04   2.0000000e-02   2.0739668e-03   0.0000000e+00
   4.2712300e+05   4.5171370e+06  -1.0000000e+03   2.4511412e-05   1.1257560e-03   1.3309481e-03   1.5187329e-03   1.5903363e-03   1.2297856e-03   1.0000000e-03   4.7581925e-03   0.0000000e+00
   4.2712300e+05   4.5181370e+06  -1.0000000e+03   2.6595620e-04   1.7550951e-03   2.0375851e-03   2.1331650e-03   2.0498522e-03   1.7168038e-03   1.0000000e-03   7.3304107e-03   2.4193966e-04
   4.2712300e+05   4.5191370e+06  -1.0000000e+03   2.7491930e-03   4.7922454e-03   4.0171405e-03   3.0922827e-03   2.6840353e-03   2.2991264e-03   2.0000000e-02   1.9542410e-02   2.2648063e-02
   4.2712300e+05   4.5201370e+06  -1.0000000e+03   4.1310204e-03   4.4903494e-03   3.9233092e-03   2.7635041e-03   2.0275810e-03   1.5202486e-03   2.0000000e-02   2.0070117e-02   1.3259496e-01
   4.2712300e+05   4.5211370e+06  -1.0000000e+03   5.7552493e-03   5.2489148e-03   4.6078549e-03   4.3873398e-03   3.5633356e-03   3.0552036e-03   1.0000000e-03   1.3700985e-03   2.9992450e-02
   4.2712300e+05   4.5221370e+06  -1.0000000e+03  -2.2716237e-03  -4.8228932e-04   9.6232737e-04   1.8624991e-03   2.2247785e-03   2.0733158e-03   1.0000000e-03   1.0423353e-03   3.4050947e-04
   4.2712300e+05   4.5231370e+06  -1.0000000e+03   6.9573630e-04   2.2672567e-03   2.7795421e-03   3.3980151e-03   3.5163960e-03   3.3516243e-03   2.0000000e-02   1.3957017e-02   0.0000000e+00
   4.2712300e+05   4.5241370e+06  -1.0000000e+03  -1.2499576e-04   1.0593931e-04   2.2074442e-04   2.8065767e-04   1.9169574e-04   1.1510502e-04   2.0000000e-02   2.1302057e-03   0.0000000e+00
   4.2712300e+05   4.5251370e+06  -1.0000000e+03  -1.9899365e-05   2.7653330e-05   4.3911100e-05   5.6091541e-05   4.3291764e-05   3.1151871e-05   1.0000000e-03   3.5804383e-04   0.0000000e+00
   4.2712300e+05   4.5261370e+06  -1.0000000e+03  -2.6653480e-06   2.7443420e-06   5.1248244e-06   7.6634398e-06   7.4712570e-06   6.4512430e-06   1.0000000e-03   4.2357641e-05   0.0000000e+00
   4.2812300e+05   4.5091370e+06  -1.0000000e+03   4.3715530e-19   2.6659016e-18   3.6737377e-20   5.9204806e-19   2.2350212e-18   2.4928597e-18   1.0000000e-03  -2.0199569e-26   0.0000000e+00
   4.2812300e+05   4.5101370e+06  -1.0000000e+03   2.2618976e-19  -1.2844194e-19   1.8935330e-18   2.8961078e-18   2.0084249e-18   1.4294415e-19   1.0000000e-03  -2.3571735e-26   0.0000000e+00
   4.2812300e+05   4.5111370e+06  -1.0000000e+03   6.7432992e-19   3.3022425e-19   1.3591013e-19   1.6569410e-19  -4.8529482e-19  -2.3031748e-18   2.0000000e-02  -2.4773690e-26   0.0000000e+00
   4.2812300e+05   4.5121370e+06  -1.0000000e+03   9.7310414e-19  -1.1186743e-18  -5.0063259e-19  -1.1517167e-18  -2.3702640e-18  -2.5907058e-18   2.0000000e-02  -2.5546871e-26   0.0000000e+00
   4.2812300e+05   4.5131370e+06  -1.0000000e+03  -1.6358195e-06   2.4783149e-07   2.7947394e-06   5.5520352e-06   9.0103926e-06   8.3409821e-06   1.0000000e-03   1.6336585e-05   0.0000000e+00
   4.2812300e+05   4.5141370e+06  -1.0000000e+03  -2.3865593e-05  -4.6235504e-06   2.2168360e-05   4.4735524e-05   7.1795535e-05   7.1646539e-05   1.0000000e-03   1.6585081e-04   0.0000000e+00
   4.2812300e+05   4.5151370e+06  -1.0000000e+03  -1.0814425e-04   4.8004640e-05   1.7618803e-04   2.6126243e-04   3.6102957e-04   3.6855198e-04   2.0000000e-02   1.0021088e-03   0.0000000e+00
   4.2812300e+05   4.5161370e+06  -1.0000000e+03   7.4980754e-05   1.2395970e-03   1.4340091e-03   1.5441335e-03   1.6278824e-03   1.3867953e-03   2.0000000e-02   3.9992297e-03   0.0000000e+00
   4.2812300e+05   4.5171370e+06  -1.0000000e+03   7.6597701e-04   3.3294418e-03   3.3344164e-03   3.2617568e-03   3.2398670e-03   2.4765287e-03   1.0000000e-03   7.2089903e-03   0.0000000e+00
   4.2812300e+05   4.5181370e+06  -1.0000000e+03   1.2534735e-03   4.2418951e-03   4.3482186e-03   4.2373585e-03   3.7786884e-03   3.1077590e-03   1.0000000e-03   7.3633573e-03   4.1339621e-04
   4.2812300e+05   4.5191370e+06  -1.0000000e+03   2.3415386e-03   5.2353358e-03   5.2273621e-03   5.3546897e-03   4.7815503e-03   3.9022164e-03   2.0000000e-02   1.7364439e-02   3.8690695e-02
   4.2812300e+05   4.5201370e+06  -1.0000000e+03   5.7219657e-03   5.1585246e-03   3.9366084e-03   3.0139456e-03   2.3341302e-03   1.7259482e-03   2.0000000e-02   1.9825766e-02   1.8521832e-01
   4.2812300e+05   4.5211370e+06  -1.0000000e+03   3.6065985e-03   3.7241497e-03   4.9677233e-03   4.0177732e-03   2.2162986e-03   1.1757800e-03   1.0000000e-03   2.0892060e-03   4.4988553e-02
   4.2812300e+05   4.5221370e+06  -1.0000000e+03   4.7125564e-03   5.2921090e-03   5.0162168e-03   4.7770376e-03   4.0826372e-03   3.4744123e-03   1.0000000e-03   3.2799906e-03   5.5671443e-04
   4.2812300e+05   4.5231370e+06  -1.0000000e+03   1.1485387e-03   2.6621073e-03   2.3033425e-03   2.6493957e-03   2.5358138e-03   2.0286750e-03   2.0000000e-02   9.8445474e-03   0.0000000e+00
   4.2812300e+05   4.5241370e+06  -1.0000000e+03  -2.4850004e-06   3.3862103e-04   3.6641720e-04   5.8272518e-04   5.2679551e-04   3.8590851e-04   2.0000000e-02   2.2280537e-03   0.0000000e+00
   4.2812300e+05   4.5251370e+06  -1.0000000e+03  -1.3021737e-05   3.9960766e-05   4.8322028e-05   8.7778309e-05   8.6712424e-05   7.6068531e-05   1.0000000e-03   3.8487351e-04   0.0000000e+00
   4.2812300e+05   4.5261370e+06  -1.0000000e+03  -4.2507147e-06   1.2723283e-06   4.1834650e-06   8.4260099e-06   8.0711571e-06   8.4310792e-06   1.0000000e-03   5.0391205e-05   0.0000000e+00
   4.2912300e+05   4.5091370e+06  -1.0000000e+03  -8.5296620e-19   9.5085411e-21  -3.5226438e-18  -3.6352907e-18  -2.3180189e-18  -9.3229394e-19   2.0000000e-02   4.7356020e-28   0.0000000e+00
   4.2912300e+05   4.5101370e+06  -1.0000000e+03  -1.4824590e-19  -1.0620090e-19   5.4539115e-19   1.2970532e-18   7.4778131e-19  -9.5797822e-19   2.0000000e-02  -4.4386671e-28   0.0000000e+00
   4.2912300e+05   4.5111370e+06  -1.0000000e+03  -8.6314627e-19  -7.5715305e-19  -4.2969883e-18  -3.7988669e-18  -4.8639209e-19   2.6825164e-18   1.0000000e-03   1.9209411e-27   0.0000000e+00
   4.2912300e+05   4.5121370e+06  -1.0000000e+03   2.0536797e-19   1.0948437e-18  -4.6062120e-18  -7.3377255e-18  -8.4031374e-18  -6.2717085e-18   1.0000000e-03  -1.1596260e-27   0.0000000e+00
   4.2912300e+05   4.5131370e+06  -1.0000000e+03  -3.8154316e-06  -1.1081303e-06   3.0229109e-06   6.4164725e-06   1.0152411e-05   9.3188929e-06   2.0000000e-02   2.2022958e-05   0.0000000e+00
   4.2912300e+05   4.5141370e+06  -1.0000000e+03  -5.2223339e-05  -1.8435705e-05   3.1850606e-05   5.4089114e-05   8.1311931e-05   8.9428291e-05   2.0000000e-02   2.9335761e-04   0.0000000e+00
   4.2912300e+05   4.5151370e+06  -1.0000000e+03  -2.8267166e-04  -2.2240524e-05   2.7135287e-04   3.3931440e-04   4.4198177e-04   5.6072838e-04   1.0000000e-03   2.1553565e-03   0.0000000e+00
   4.2912300e+05   4.5161370e+06  -1.0000000e+03  -2.8889666e-04   1.0511330e-03   1.5314679e-03   1.5041710e-03   1.5484138e-03   1.6468356e-03   1.0000000e-03   8.4815900e-03   0.0000000e+00
   4.2912300e+05   4.5171370e+06  -1.0000000e+03   4.8523295e-04   3.1150731e-03   3.2744402e-03   3.0031906e-03   2.8331742e-03   2.5020790e-03   2.0000000e-02   1.2456575e-02   0.0000000e+00
   4.2912300e+05   4.5181370e+06  -1.0000000e+03  -1.0041758e-06   1.9487995e-03   2.2845334e-03   2.1744502e-03   1.9972709e-03   1.6224908e-03   2.0000000e-02   1.0406384e-02   0.0000000e+00
   4.2912300e+05   4.5191370e+06  -1.0000000e+03  -7.6064897e-04   1.5214720e-03   2.0954922e-03   2.0994437e-03   2.4726138e-03   1.8466169e-03   1.0000000e-03   1.0515628e-02   3.3702406e-03
   4.2912300e+05   4.5201370e+06  -1.0000000e+03   1.2195796e-03   1.1898494e-03  -3.4469223e-04  -1.4130567e-03  -1.5117999e-03  -1.4542667e-03   1.0000000e-03   2.7488518e-03   1.6080739e-02
   4.2912300e+05   4.5211370e+06  -1.0000000e+03  -4.4160652e-04   1.3179454e-03   1.0689237e-03   2.4303899e-04  -6.4389382e-04  -9.6983691e-04   2.0000000e-02   1.8461995e-02   3.9111506e-03
   4.2912300e+05   4.5221370e+06  -1.0000000e+03   5.3660885e-03   4.1522948e-03   2.8365107e-03   2.7087257e-03   2.8383454e-03   2.7193217e-03   2.0000000e-02   1.6830307e-02   0.0000000e+00
   4.2912300e+05   4.5231370e+06  -1.0000000e+03   2.2777273e-03   2.8411540e-03   2.6982014e-03   3.2459546e-03   3.6409139e-03   3.0365204e-03   1.0000000e-03   8.8914781e-03   0.0000000e+00
   4.2912300e+05   4.5241370e+06  -1.0000000e+03   2.8059700e-05   4.1066221e-04   4.4410876e-04   7.6155476e-04   7.5575823e-04   5.7084848e-04   1.0000000e-03   2.0919755e-03   0.0000000e+00
   4.2912300e+05   4.5251370e+06  -1.0000000e+03  -2.7906204e-05   4.8266694e-05   6.8538953e-05   1.3515358e-04   1.4804755e-04   1.2822616e-04   2.0000000e-02   4.5346853e-04   0.0000000e+00
   4.2912300e+05   4.5261370e+06  -1.0000000e+03  -1.2713221e-05   3.6586342e-07   1.0181914e-05   2.1202116e-05   2.4105586e-05   2.1792030e-05   2.0000000e-02   8.5438994e-05   0.0000000e+00
   4.3012300e+05   4.5091370e+06  -1.0000000e+03   7.4907869e-20  -1.5350256e-18   2.6065911e-18   2.7993184e-18   1.0361936e-18  -1.0011313e-18   2.0000000e-02  -2.5066080e-33   0.0000000e+00
   4.3012300e+05   4.5101370e+06  -1.0000000e+03  -8.8882868e-19  -2.6002849e-18  -1.0047070e-18  -3.6485802e-19   5.0668526e-19   1.5014920e-18   2.0000000e-02  -2.2630693e-32   0.0000000e+00
   4.3012300e+05   4.5111370e+06  -1.0000000e+03   1.4905172e-19   9.1963303e-19  -8.5160536e-19   3.2982581e-19   3.1100878e-18   3.7372997e-18   1.0000000e-03  -8.2745486e-33   0.0000000e+00
   4.3012300e+05   4.5121370e+06  -1.0000000e+03  -3.7679306e-19  -2.5627191e-18   1.4420766e-18   2.6534038e-18   2.2762242e-18   1.9203751e-18   1.0000000e-03   1.8245101e-32   0.0000000e+00
   4.3012300e+05   4.5131370e+06  -1.0000000e+03  -4.6670930e-06  -1.7241670e-06   2.7918441e-06   5.6158299e-06   8.8568953e-06   7.8242514e-06   2.0000000e-02   2.3205321e-05   0.0000000e+00
   4.3012300e+05   4.5141370e+06  -1.0000000e+03  -6.2189681e-05  -2.4356726e-05   3.3605848e-05   5.1614274e-05   7.2797066e-05   8.4213994e-05   2.0000000e-02   3.3282346e-04   0.0000000e+00
   4.3012300e+05   4.5151370e+06  -1.0000000e+03  -3.3154731e-04  -2.6959040e-05   3.1385837e-04   3.5356694e-04   4.2988500e-04   5.8628042e-04   1.0000000e-03   2.5935645e-03   0.0000000e+00
   4.3012300e+05   4.5161370e+06  -1.0000000e+03   9.6567761e-07   1.7556271e-03   2.0660447e-03   1.8364238e-03   1.7120572e-03   1.7130316e-03   1.0000000e-03   1.0713709e-02   0.0000000e+00
   4.3012300e+05   4.5171370e+06  -1.0000000e+03   1.5759396e-03   5.2256444e-03   4.7686627e-03   4.0907271e-03   3.6351782e-03   2.9169124e-03   2.0000000e-02   1.5617337e-02   0.0000000e+00
   4.3012300e+05   4.5181370e+06  -1.0000000e+03  -3.9082637e-04   8.4812415e-04   1.3195799e-03   1.2473654e-03   1.2468540e-03   1.3147778e-03   2.0000000e-02   8.3193184e-03   0.0000000e+00
   4.3012300e+05   4.5191370e+06  -1.0000000e+03  -5.5394261e-04   1.7459341e-03   2.0550142e-03   2.2653014e-03   3.2637294e-03   2.7346993e-03   1.0000000e-03   6.1707378e-03   0.0000000e+00
   4.3012300e+05   4.5201370e+06  -1.0000000e+03   4.5708898e-03   6.3532472e-03   6.3334133e-03   4.6412680e-03   3.0099919e-03   1.7059683e-03   1.0000000e-03   1.3263549e-03   0.0000000e+00
   4.3012300e+05   4.5211370e+06  -1.0000000e+03  -6.3860820e-04   9.4475148e-04   8.7763532e-04   8.5365017e-04   1.3374970e-03   8.8336658e-04   2.0000000e-02   8.5029373e-03   0.0000000e+00
   4.3012300e+05   4.5221370e+06  -1.0000000e+03  -1.9014780e-04   6.5973313e-04   8.7139053e-04   1.2417914e-03   9.9069490e-04   4.5031306e-04   2.0000000e-02   9.7070133e-03   0.0000000e+00
   4.3012300e+05   4.5231370e+06  -1.0000000e+03   5.3629388e-05   1.1107398e-03   1.2214344e-03   1.8409055e-03   1.8304929e-03   1.2683037e-03   1.0000000e-03   6.2090616e-03   0.0000000e+00
   4.3012300e+05   4.5241370e+06  -1.0000000e+03  -1.2360275e-04   3.9339169e-04   4.8694268e-04   7.4838432e-04   7.4690948e-04   5.3467556e-04   1.0000000e-03   2.4963318e-03   0.0000000e+00
   4.3012300e+05   4.5251370e+06  -1.0000000e+03  -8.6611673e-05   1.1067906e-04   1.7796347e-04   2.7175250e-04   2.8822157e-04   2.1235250e-04   2.0000000e-02   9.6015965e-04   0.0000000e+00
   4.3012300e+05   4.5261370e+06  -1.0000000e+03  -3.6440156e-05   1.5076041e-05   4.4135975e-05   7.0077627e-05   7.5640155e-05   5.4786111e-05   2.0000000e-02   2.5469931e-04   0.0000000e+00
   4.3112300e+05   4.5091370e+06  -1.0000000e+03  -1.0884287e-18  -1.3902469e-18   3.6097070e-19   8.9998870e-19   1.7110467e-18   1.7698158e-18   1.0000000e-03  -1.1442465e-32   0.0000000e+00
   4.3112300e+05   4.5101370e+06  -1.0000000e+03   2.2717711e-19  -6.2055447e-19  -1.8545619e-18  -1.5616519e-18  -9.4198339e-19  -9.0099432e-20   1.0000000e-03  -3.3015447e-32   0.0000000e+00
   4.3112300e+05   4.5111370e+06  -1.0000000e+03   7.1278885e-19  -1.5818277e-19   2.5407670e-18   2.5505608e-18   6.7496518e-19  -6.2150294e-19   2.0000000e-02   5.1089176e-32   0.0000000e+00
   4.3112300e+05   4.5121370e+06  -1.0000000e+03  -9.5497841e-19  -4.6906297e-19   3.2180443e-18   4.3735582e-18   4.1514644e-18   2.1647450e-18   2.0000000e-02   1.4759540e-32   0.0000000e+00
   4.3112300e+05   4.5131370e+06  -1.0000000e+03  -2.1981898e-06  -9.4323924e-07   1.5020873e-06   2.8405357e-06   4.2515351e-06   3.7934961e-06   1.0000000e-03   1.2164251e-05   0.0000000e+00
   4.3112300e+05   4.5141370e+06  -1.0000000e+03  -3.4866577e-05  -1.4802857e-05   1.6938660e-05   2.7008947e-05   3.7955973e-05   4.1603078e-05   1.0000000e-03   1.7724774e-04   0.0000000e+00
   4.3112300e+05   4.5151370e+06  -1.0000000e+03  -2.0050784e-04  -5.8977624e-05   1.3476609e-04   1.6540345e-04   2.0938623e-04   2.8520724e-04   2.0000000e-02   1.2522069e-03   0.0000000e+00
   4.3112300e+05   4.5161370e+06  -1.0000000e+03  -4.2067051e-04   1.4133345e-04   6.0279974e-04   6.0682535e-04   6.6903192e-04   8.9019488e-04   2.0000000e-02   4.5022541e-03   0.0000000e+00
   4.3112300e+05   4.5171370e+06  -1.0000000e+03  -4.2079059e-04   4.0456649e-04   9.0973183e-04   8.7440720e-04   9.1155494e-04   1.1346140e-03   1.0000000e-03   6.2207000e-03   0.0000000e+00
   4.3112300e+05   4.5181370e+06  -1.0000000e+03  -3.8037350e-04   4.4559596e-05   4.6254013e-04   5.1966932e-04   6.1012903e-04   7.6341816e-04   1.0000000e-03   3.2595535e-03   0.0000000e+00
   4.3112300e+05   4.5191370e+06  -1.0000000e+03  -3.1617270e-04   2.5118638e-04   4.9836129e-04   6.6687005e-04   9.8851005e-04   9.4298745e-04   2.0000000e-02   2.2126690e-03   0.0000000e+00
   4.3112300e+05   4.5201370e+06  -1.0000000e+03  -3.8129258e-04   7.3561418e-04   8.3832913e-04   1.0937611e-03   1.7647272e-03   1.5689347e-03   2.0000000e-02   2.9519862e-03   0.0000000e+00
   4.3112300e+05   4.5211370e+06  -1.0000000e+03  -3.1485785e-04   4.0881762e-04   6.0491734e-04   7.8995484e-04   9.7627213e-04   7.9684680e-04   1.0000000e-03   3.2510393e-03   0.0000000e+00
   4.3112300e+05   4.5221370e+06  -1.0000000e+03  -3.1848844e-04   8.0279306e-04   1.0178628e-03   1.3431008e-03   1.2565422e-03   8.1340313e-04   1.0000000e-03   5.7157013e-03   0.0000000e+00
   4.3112300e+05   4.5231370e+06  -1.0000000e+03  -2.9956207e-04   1.1679251e-03   1.3512430e-03   1.7998594e-03   1.7250812e-03   1.1260623e-03   2.0000000e-02   6.9919895e-03   0.0000000e+00
   4.3112300e+05   4.5241370e+06  -1.0000000e+03  -3.0031541e-04   9.2423392e-04   1.1157500e-03   1.4359450e-03   1.3679385e-03   8.8136406e-04   2.0000000e-02   5.6432961e-03   0.0000000e+00
   4.3112300e+05   4.5251370e+06  -1.0000000e+03  -1.8905019e-04   3.8149008e-04   5.2095494e-04   6.8666844e-04   6.7792614e-04   4.4147298e-04   1.0000000e-03   2.6075085e-03   0.0000000e+00
   4.3112300e+05   4.5261370e+06  -1.0000000e+03  -7.5132811e-05   6.8898239e-05   1.2913461e-04   1.8407845e-04   1.9133333e-04   1.2807323e-04   1.0000000e-03   6.6197401e-04   0.0000000e+00
   4.3212300e+05   4.5091370e+06  -1.0000000e+03  -8.8104469e-19  -1.1131318e-18  -4.6562585e-18  -5.3740210e-18  -4.2498136e-18  -2.3488983e-18   1.0000000e-03  -7.5687801e-33   0.0000000e+00
   4.3212300e+05   4.5101370e+06  -1.0000000e+03  -4.7131630e-19  -4.1220103e-19   6.0314604e-19   2.3760695e-19  -4.3118029e-19  -7.2590790e-19   1.0000000e-03   3.2588272e-32   0.0000000e+00
   4.3212300e+05   4.5111370e+06  -1.0000000e+03   1.6625671e-19   6.7145190e-19   4.4456523e-18   5.0451070e-18   3.5581575e-18   1.5572031e-18   2.0000000e-02  -2.0722598e-32   0.0000000e+00
   4.3212300e+05   4.5121370e+06  -1.0000000e+03   2.3264681e-19   1.0267948e-18  -2.0973605e-18  -3.1682170e-18  -1.9316288e-18  -5.9147801e-19   2.0000000e-02   4.9728206e-32   0.0000000e+00
   4.3212300e+05   4.5131370e+06  -1.0000000e+03  -2.6242514e-07  -6.6840860e-08   2.7645313e-07   5.2173408e-07   7.5733622e-07   6.5687482e-07   1.0000000e-03   2.0710460e-06   0.0000000e+00
   4.3212300e+05   4.5141370e+06  -1.0000000e+03  -9.0509596e-06  -3.5024005e-06   4.4780171e-06   8.5818138e-06   1.2916588e-05   1.0346603e-05   1.0000000e-03   4.3794070e-05   0.0000000e+00
   4.3212300e+05   4.5151370e+06  -1.0000000e+03  -5.2662034e-05  -2.2098329e-05   2.5989852e-05   3.8905105e-05   5.3230804e-05   6.1847113e-05   2.0000000e-02   2.7262213e-04   0.0000000e+00
   4.3212300e+05   4.5161370e+06  -1.0000000e+03  -1.4225571e-04  -5.0084251e-05   8.3926694e-05   1.0855897e-04   1.4013211e-04   1.8525186e-04   2.0000000e-02   8.2130382e-04   0.0000000e+00
   4.3212300e+05   4.5171370e+06  -1.0000000e+03  -1.7656127e-04  -5.5017575e-05   1.1480767e-04   1.4344390e-04   1.8179735e-04   2.4395760e-04   1.0000000e-03   1.0720741e-03   0.0000000e+00
   4.3212300e+05   4.5181370e+06  -1.0000000e+03  -1.0727420e-04  -2.9298103e-05   7.8860892e-05   1.0743147e-04   1.3727430e-04   1.6091284e-04   1.0000000e-03   6.2980869e-04   0.0000000e+00
   4.3212300e+05   4.5191370e+06  -1.0000000e+03  -5.2574397e-05   2.3570832e-05   9.7369065e-05   1.3538403e-04   1.6649758e-04   1.5468128e-04   2.0000000e-02   3.9632122e-04   0.0000000e+00
   4.3212300e+05   4.5201370e+06  -1.0000000e+03  -6.5634983e-05   6.6425931e-05   1.5784715e-04   2.2158549e-04   2.6450532e-04   2.3044966e-04   2.0000000e-02   5.8037243e-04   0.0000000e+00
   4.3212300e+05   4.5211370e+06  -1.0000000e+03  -1.3157331e-04   2.0058123e-04   3.3115308e-04   4.3541468e-04   4.4614881e-04   3.2216089e-04   1.0000000e-03   1.5079884e-03   0.0000000e+00
   4.3212300e+05   4.5221370e+06  -1.0000000e+03  -2.9309043e-04   7.8622150e-04   9.8946915e-04   1.2548168e-03   1.1945133e-03   7.6279128e-04   1.0000000e-03   4.9312815e-03   0.0000000e+00
   4.3212300e+05   4.5231370e+06  -1.0000000e+03  -4.0625693e-04   1.6355902e-03   1.8668436e-03   2.3375442e-03   2.1711353e-03   1.3600418e-03   2.0000000e-02   9.4314467e-03   0.0000000e+00
   4.3212300e+05   4.5241370e+06  -1.0000000e+03  -4.0291714e-04   1.5853740e-03   1.8154563e-03   2.2609890e-03   2.0926082e-03   1.3028089e-03   2.0000000e-02   9.1504880e-03   0.0000000e+00
   4.3212300e+05   4.5251370e+06  -1.0000000e+03  -2.5837395e-04   6.7312765e-04   8.5146094e-04   1.0851982e-03   1.0394678e-03   6.5419873e-04   1.0000000e-03   4.2270137e-03   0.0000000e+00
   4.3212300e+05   4.5261370e+06  -1.0000000e+03  -1.0230259e-04   1.2349078e-04   2.0469058e-04   2.8183164e-04   2.8764794e-04   1.8859670e-04   1.0000000e-03   1.0258290e-03   0.0000000e+00
   4.3312300e+05   4.5091370e+06  -1.0000000e+03   1.1507503e-20   2.1829316e-18   8.6669620e-19   1.0729978e-18   1.9149255e-18   1.0288137e-18   0.0000000e+00   4.6926356e-32   0.0000000e+00
   4.3312300e+05   4.5101370e+06  -1.0000000e+03   9.2119825e-20  -4.1151015e-19   4.5640379e-19  -2.4508122e-19  -2.3278736e-18  -3.8833085e-18   0.0000000e+00  -1.4106226e-32   0.0000000e+00
   4.3312300e+05   4.5111370e+06  -1.0000000e+03   2.3565609e-19   3.7656928e-19   2.7912518e-18   4.0699920e-18   5.7659537e-18   6.1129982e-18   0.0000000e+00  -2.6217589e-32   0.0000000e+00
   4.3312300e+05   4.5121370e+06  -1.0000000e+03  -4.8836799e-19  -8.8071251e-19  -1.4428170e-18  -1.3822403e-18  -1.8696038e-18  -2.0018688e-18   0.0000000e+00   4.7290576e-34   0.0000000e+00
   4.3312300e+05   4.5131370e+06  -1.0000000e+03  -1.2674804e-18  -2.0343602e-18  -1.3399306e-18  -1.4650959e-18  -1.8864177e-18  -1.7178243e-18   0.0000000e+00   1.8639127e-32   0.0000000e+00
   4.3312300e+05   4.5141370e+06  -1.0000000e+03  -7.8437749e-07  -5.0161171e-07   3.2845798e-07   7.2990784e-07   1.0758847e-06   8.4419500e-07   0.0000000e+00   4.4612092e-06   0.0000000e+00
   4.3312300e+05   4.5151370e+06  -1.0000000e+03  -5.9154395e-06  -2.5978690e-06   3.0516109e-06   6.0731955e-06   9.3232696e-06   7.9374586e-06   0.0000000e+00   2.8959578e-05   0.0000000e+00
   4.3312300e+05   4.5161370e+06  -1.0000000e+03  -1.6864876e-05  -7.2223259e-06   7.7952849e-06   1.3078234e-05   1.8423417e-05   1.8858542e-05   0.0000000e+00   8.5137211e-05   0.0000000e+00
   4.3312300e+05   4.5171370e+06  -1.0000000e+03  -2.1416308e-05  -9.4889062e-06   9.7851064e-06   1.6405853e-05   2.3127348e-05   2.4127758e-05   0.0000000e+00   1.0660373e-04   0.0000000e+00
   4.3312300e+05   4.5181370e+06  -1.0000000e+03  -1.3055774e-05  -4.3670730e-06   7.9468931e-06   1.2897484e-05   1.7191603e-05   1.6779353e-05   0.0000000e+00   6.9407631e-05   0.0000000e+00
   4.3312300e+05   4.5191370e+06  -1.0000000e+03  -8.8549853e-06   9.1230940e-07   1.1664063e-05   1.7483275e-05   2.0189676e-05   1.7383619e-05   0.0000000e+00   5.3467703e-05   0.0000000e+00
   4.3312300e+05   4.5201370e+06  -1.0000000e+03  -2.7347680e-05   9.7511191e-06   3.6628097e-05   5.5072001e-05   5.9876431e-05   4.5264730e-05   0.0000000e+00   1.7630079e-04   0.0000000e+00
   4.3312300e+05   4.5211370e+06  -1.0000000e+03  -9.2478694e-05   1.0418970e-04   1.8158972e-04   2.4966135e-04   2.5549278e-04   1.7049514e-04   0.0000000e+00   8.9269713e-04   0.0000000e+00
   4.3312300e+05   4.5221370e+06  -1.0000000e+03  -2.2894957e-04   5.2873934e-04   6.9316519e-04   8.9007550e-04   8.6052487e-04   5.4468620e-04   0.0000000e+00   3.4282149e-03   0.0000000e+00
   4.3312300e+05   4.5231370e+06  -1.0000000e+03  -3.5240187e-04   1.2086951e-03   1.4264914e-03   1.7853029e-03   1.6694077e-03   1.0388448e-03   0.0000000e+00   7.1352636e-03   0.0000000e+00
   4.3312300e+05   4.5241370e+06  -1.0000000e+03  -3.5107580e-04   1.2024049e-03   1.4195991e-03   1.7752663e-03   1.6588855e-03   1.0309353e-03   0.0000000e+00   7.0980726e-03   0.0000000e+00
   4.3312300e+05   4.5251370e+06  -1.0000000e+03  -2.2303471e-04   5.1349776e-04   6.7344078e-04   8.6643238e-04   8.3877490e-04   5.3014514e-04   0.0000000e+00   3.3330716e-03   0.0000000e+00
   4.3312300e+05   4.5261370e+06  -1.0000000e+03  -8.8458371e-05   9.3843974e-05   1.6460375e-04   2.2988452e-04   2.3651631e-04   1.5608938e-04   0.0000000e+00   8.3085134e-04   0.0000000e+00
   4.3412300e+05   4.5091370e+06  -1.0000000e+03   1.1496973e-20  -3.2938752e-19  -2.8799652e-18  -4.2377305e-18  -4.4695378e-18  -3.2380177e-18   0.0000000e+00   9.0483482e-33   0.0000000e+00
   4.3412300e+05   4.5101370e+06  -1.0000000e+03  -1.3638976e-18  -1.4009857e-18   4.6490087e-19   1.3938807e-18   2.1449550e-18   2.1442762e-18   0.0000000e+00   5.8503051e-33   0.0000000e+00
   4.3412300e+05   4.5111370e+06  -1.0000000e+03  -4.5782633e-19   8.2485799e-19  -3.5112102e-18  -3.7552695e-18  -1.2182565e-18   1.5165660e-18   0.0000000e+00   6.6533509e-33   0.0000000e+00
   4.3412300e+05   4.5121370e+06  -1.0000000e+03   6.0587517e-19  -1.4669345e-19  -7.5171691e-19  -1.9060681e-18  -4.4825627e-18  -5.0840661e-18   0.0000000e+00   6.4999845e-33   0.0000000e+00
   4.3412300e+05   4.5131370e+06  -1.0000000e+03  -6.0079366e-19  -2.7878509e-18  -3.9976070e-20  -5.3902051e-19  -3.3757754e-18  -4.0204235e-18   0.0000000e+00   9.8688131e-33   0.0000000e+00
   4.3412300e+05   4.5141370e+06  -1.0000000e+03   5.5607083e-19   3.4494290e-18   2.9012723e-18   3.6866027e-18   5.1050574e-18   3.5541515e-18   0.0000000e+00  -4.1751624e-32   0.0000000e+00
   4.3412300e+05   4.5151370e+06  -1.0000000e+03  -1.5926347e-07  -4.0565119e-08   1.6777693e-07   3.1663574e-07   4.5962057e-07   3.9865144e-07   0.0000000e+00   1.2568993e-06   0.0000000e+00
   4.3412300e+05   4.5161370e+06  -1.0000000e+03  -7.3565873e-07  -4.7228464e-07   2.6898761e-07   7.0372208e-07   1.2231964e-06   1.1249045e-06   0.0000000e+00   3.2066521e-06   0.0000000e+00
   4.3412300e+05   4.5171370e+06  -1.0000000e+03  -8.3817855e-07  -5.3742262e-07   3.4881324e-07   7.7601514e-07   1.1432706e-06   8.9553626e-07   0.0000000e+00   4.7630075e-06   0.0000000e+00
   4.3412300e+05   4.5181370e+06  -1.0000000e+03  -6.4453115e-07  -2.9698902e-07   2.7382049e-07   6.3453690e-07   7.7951543e-07   7.6616631e-07   0.0000000e+00   3.1664851e-06   0.0000000e+00
   4.3412300e+05   4.5191370e+06  -1.0000000e+03  -2.9733066e-06  -1.3939069e-06   6.0887203e-07   1.3714052e-06   9.3246982e-07   7.2390966e-07   0.0000000e+00   9.5916161e-06   0.0000000e+00
   4.3412300e+05   4.5201370e+06  -1.0000000e+03  -1.4515345e-05  -1.5276963e-06   9.8019761e-06   1.7252271e-05   1.8279420e-05   1.3180907e-05   0.0000000e+00   6.6720238e-05   0.0000000e+00
   4.3412300e+05   4.5211370e+06  -1.0000000e+03  -4.9813999e-05   2.9334619e-05   6.9573991e-05   1.0284380e-04   1.0816809e-04   7.3027261e-05   0.0000000e+00   3.6753529e-04   0.0000000e+00
   4.3412300e+05   4.5221370e+06  -1.0000000e+03  -1.2177459e-04   1.6994777e-04   2.6539890e-04   3.5941934e-04   3.6301994e-04   2.3611238e-04   0.0000000e+00   1.3213024e-03   0.0000000e+00
   4.3412300e+05   4.5231370e+06  -1.0000000e+03  -1.9284405e-04   3.9376450e-04   5.3616964e-04   6.9766966e-04   6.8282610e-04   4.3446237e-04   0.0000000e+00   2.6519543e-03   0.0000000e+00
   4.3412300e+05   4.5241370e+06  -1.0000000e+03  -1.9253174e-04   3.9295570e-04   5.3514283e-04   6.9634405e-04   6.8154396e-04   4.3365949e-04   0.0000000e+00   2.6468390e-03   0.0000000e+00
   4.3412300e+05   4.5251370e+06  -1.0000000e+03  -1.2092854e-04   1.6844778e-04   2.6325044e-04   3.5673854e-04   3.6045524e-04   2.3449743e-04   0.0000000e+00   1.3111372e-03   0.0000000e+00
   4.3412300e+05   4.5261370e+06  -1.0000000e+03  -4.9176713e-05   2.8746007e-05   6.8473404e-05   1.0149610e-04   1.0696337e-04   7.2246965e-05   0.0000000e+00   3.6231395e-04   0.0000000e+00
